20.131237453210034,0.15555494622639401,2.7663254197837666,-0.016140546624440845,-0.19081114741886515,0.048202252020277878,-13.703863943382224,-0.015988319853284361,-2.3576615865630299,-0.011639000413689512,-0.21707253550385319,0.051392551994752372,-6.4273735098278095,-0.13956662637307987,-0.4086638332207343,-0.055960428785724881,1.1899155850113678,0.0033311556327784153,-0.052464935203543721,-0.091865556512944729,-0.06311437949549184,0.0050583851828151791,0.019948413948548641,-0.007037308277928471
0.15555494622639401,1.7890865735835972,0.051799945995750107,-0.17773707696043806,-0.012747125225492036,0.29502793430024399,-0.012481489082865997,-0.32618406933438382,-0.0013985150808131851,-0.1947743846633232,-0.0080302184790997828,0.31051232565530129,-0.14307345714352265,-1.462902504249213,-0.05040143091493389,-0.50523004092576462,0.074702341344769108,0.66362212579526014,-0.1933492328784043,0.011658533757858566,-0.03497419104327136,-0.11435831112910572,0.29908731451049192,-0.0087019935537804606
2.7663254197837666,0.051799945995750107,7.3039454831313879,-0.02266167130567924,-0.77701452968595464,0.027877430412707849,2.1494527871639439,-0.024255502261041173,1.090122289084102,0.0016097335661517881,-0.017660258218213543,0.00057934279471984814,-4.9157782069476816,-0.027544443734675454,-8.3940677722154255,0.0045252714987108417,0.015847795644403188,0.017176495746650568,0.020239263097642415,0.013143058701290913,0.1354509964056812,0.070980607727446202,0.0913482488403871,-0.30071642273996713
-0.016140546624440845,-0.17773707696043806,-0.02266167130567924,0.236218548665179,-0.0061846401509666141,-0.015890097890260066,-0.011009497789610983,-0.1857696799175943,-0.0068591569549976382,-0.012588300676448949,-0.00084985463161987504,0.016169687984677557,0.027150044414055108,0.36350675687803058,0.029520828260675959,-0.0055261938619112884,0.00022597674456142355,0.004539971679873819,0.0069763831479720817,-0.0092236642837811543,0.015902841654778982,0.054537938505092233,0.08802293570818169,0.015645610373544491
-0.19081114741886515,-0.012747125225492036,-0.77701452968595464,-0.0061846401509666141,0.32161684427596138,-0.022778976549179861,-0.11639132514854364,0.018715978433940475,0.024401685256030387,2.885516847762787e-06,0.0010017612126262034,0.0053596933594364307,0.3072024725674064,-0.0059688532084572286,0.75261284442992293,0.0026004427090456188,-0.026090360063841949,-0.001458579005914405,-0.014222859742350154,-0.13311326603043178,0.034657363257417292,-0.045264572476426193,-0.047836522615695799,0.21303164814573419
0.048202252020277878,0.29502793430024399,0.027877430412707849,-0.015890097890260066,-0.022778976549179861,0.34153151125234882,-0.050719611948778005,-0.29935249174866607,-0.0050545732111199034,-0.015210326081134111,0.0040558619024910949,-0.0086483874168584336,0.0025173599284932413,0.0043245574484322025,-0.022822857201589372,0.033695158440450415,-0.0025465034847056982,0.023745131793843677,0.16031134855693319,0.0060650844846587577,-0.019707679360758561,-0.1454328899184113,0.23027664061326875,-0.0028126756067959864
-13.703863943382224,-0.012481489082865997,2.1494527871639439,-0.011009497789610983,-0.11639132514854364,-0.050719611948778005,20.333272558765032,0.13851027099933458,-2.696837733570101,-0.013323167543995141,-0.050056914870823671,-0.054469213229802464,-6.6294086153827454,-0.12602878191647476,0.54738494640616731,-0.051284603816276322,1.236319096808594,0.014593769129264272,-0.03088998937591815,0.098453438858475933,-0.21168105514184032,-0.0013084592491911465,0.011900362522286148,0.29185942088918787
-0.015988319853284361,-0.32618406933438382,-0.024255502261041173,-0.1857696799175943,0.018715978433940475,-0.29935249174866607,0.13851027099933458,1.7360735051682092,0.029393225104080208,-0.17875353839128311,0.011974128969078703,-0.29182344857524001,-0.12252195114605524,-1.4098894358338514,-0.0051377228430534673,-0.4814104431914269,0.075012299703686891,-0.64617860437764052,-0.20616634572976389,0.00011327746805958335,0.0022258940327107421,0.40527650128910753,-0.020761003220228107,0.029263284678731346
-2.3576615865630299,-0.0013985150808131851,1.090122289084102,-0.0068591569549976382,0.024401685256030387,-0.0050545732111199034,-2.696837733570101,0.029393225104080208,7.6158094314801215,0.015657549353292926,0.79134387983838239,-0.0049893674628556355,5.0544993201331225,-0.027994710023279815,-8.7059317205641769,-0.025595218412266373,0.066967128263280579,-0.0084311034369581751,0.014661875938023953,-0.081636144648700754,-0.2663023904753723,-0.03108027906581412,-0.060026571070652374,0.36792279913726772
-0.011639000413689512,-0.1947743846633232,0.0016097335661517881,-0.012588300676448949,2.885516847762787e-06,-0.015210326081134111,-0.013323167543995141,-0.17875353839128311,0.015657549353292926,0.23672762994935723,-0.0070730696273241141,0.0010498900269190574,0.024962167957685129,0.37352792305460758,-0.01726728291944684,-2.2575440142219746e-05,0.00052157280815063136,0.0045479282909879426,0.0066134224228286635,-0.0068713943745489382,0.016309232110564398,0.067249914697410068,0.06674835410120733,0.013452127748745634
-0.21707253550385319,-0.0080302184790997828,-0.017660258218213543,-0.00084985463161987504,0.0010017612126262034,0.0040558619024910949,-0.050056914870823671,0.011974128969078703,0.79134387983838239,-0.0070730696273241141,0.32747441820699935,-0.017535501847093193,0.26712945037467395,-0.0039439104899831219,-0.7736836216201648,0.0055565779649549823,-0.0033513668104728418,0.0014770314756947377,0.010893255287431142,0.13891738855583691,-0.072896947781715793,-0.017487249168651482,-0.023475450567190324,0.22577648983581466
0.051392551994752372,0.31051232565530129,0.00057934279471984814,0.016169687984677557,0.0053596933594364307,-0.0086483874168584336,-0.054469213229802464,-0.29182344857524001,-0.0049893674628556355,0.0010498900269190574,-0.017535501847093193,0.34755396249374276,0.0030766612350548858,-0.018688877080048627,0.0044100246681354933,-0.028432904259623359,0.0069885855920798091,0.022495889461448846,-0.1624459204858153,6.9001846584893075e-05,-0.00016213993324556286,-0.27250139648600913,0.098053550254960015,-0.01692766270727411
-6.4273735098278095,-0.14307345714352265,-4.9157782069476816,0.027150044414055108,0.3072024725674064,0.0025173599284932413,-6.6294086153827454,-0.12252195114605524,5.0544993201331225,0.024962167957685129,0.26712945037467395,0.0030766612350548858,13.05678212521053,0.26559540828955452,-0.13872111318545777,0.10724503260199678,-2.4262346818199667,-0.017924924762033501,0.08335492457945215,-0.006587882345531702,0.27479543463734962,-0.0037499259336168387,-0.031848776470847946,-0.28482211261126367
-0.13956662637307987,-1.462902504249213,-0.027544443734675454,0.36350675687803058,-0.0059688532084572286,0.0043245574484322025,-0.12602878191647476,-1.4098894358338514,-0.027994710023279815,0.37352792305460758,-0.0039439104899831219,-0.018688877080048627,0.26559540828955452,2.8727919400831072,0.055539153757960785,0.98664048411721084,-0.14971464104845711,-0.017443521417628696,0.39951557860815701,-0.011771811225924664,0.032748297010551569,-0.29091819016003501,-0.27832631129029106,-0.020561291124948537
-0.4086638332207343,-0.05040143091493389,-8.3940677722154255,0.029520828260675959,0.75261284442992293,-0.022822857201589372,0.54738494640616731,-0.0051377228430534673,-8.7059317205641769,-0.01726728291944684,-0.7736836216201648,0.0044100246681354933,-0.13872111318545777,0.055539153757960785,17.099999492779499,0.021069946913561774,-0.082814923907681859,-0.0087453923096798732,-0.034901139035665878,0.068493085947368443,0.13085139406969176,-0.039900328661632178,-0.031321677769751442,-0.067206376397323936
-0.055960428785724881,-0.50523004092576462,0.0045252714987108417,-0.0055261938619112884,0.0026004427090456188,0.033695158440450415,-0.051284603816276322,-0.4814104431914269,-0.025595218412266373,-2.2575440142219746e-05,0.0055565779649549823,-0.028432904259623359,0.10724503260199678,0.98664048411721084,0.021069946913561774,0.59753305977237137,-0.090576334181785692,-0.019554012821439419,0.22611954159408548,0.009031971922775257,-0.01256309555901031,-0.29633876729851771,-0.32176707658355092,-0.041434512797257649
1.1899155850113678,0.074702341344769108,0.015847795644403188,0.00022597674456142355,-0.026090360063841949,-0.0025465034847056982,1.236319096808594,0.075012299703686891,0.066967128263280579,0.00052157280815063136,-0.0033513668104728418,0.0069885855920798091,-2.4262346818199667,-0.14971464104845711,-0.082814923907681859,-0.090576334181785692,1.5158541355376243,-0.0046280571227239218,-0.050029782588527014,-0.058718915128073298,-0.36768970838674309,0.0037652451292923177,-0.000403652881229803,0.13326866271155352
0.0033311556327784153,0.66362212579526014,0.017176495746650568,0.004539971679873819,-0.001458579005914405,0.023745131793843677,0.014593769129264272,-0.64617860437764052,-0.0084311034369581751,0.0045479282909879426,0.0014770314756947377,0.022495889461448846,-0.017924924762033501,-0.017443521417628696,-0.0087453923096798732,-0.019554012821439419,-0.0046280571227239218,0.73963941684845858,0.0098248396396793704,0.00079306744263590585,-0.0024502317515824944,0.10615339895349257,-0.1364212002298047,-0.0030388286254410587
-0.052464935203543721,-0.1933492328784043,0.020239263097642415,0.0069763831479720817,-0.014222859742350154,0.16031134855693319,-0.03088998937591815,-0.20616634572976389,0.014661875938023953,0.0066134224228286635,0.010893255287431142,-0.1624459204858153,0.08335492457945215,0.39951557860815701,-0.034901139035665878,0.22611954159408548,-0.050029782588527014,0.0098248396396793704,0.438681846812633,0.010961610054482481,0.016477503839846953,0.0023835408271174747,-0.014931045730036046,0.0023663895390398223
-0.091865556512944729,0.011658533757858566,0.013143058701290913,-0.0092236642837811543,-0.13311326603043178,0.0060650844846587577,0.098453438858475933,0.00011327746805958335,-0.081636144648700754,-0.0068713943745489382,0.13891738855583691,6.9001846584893075e-05,-0.006587882345531702,-0.011771811225924664,0.068493085947368443,0.009031971922775257,-0.058718915128073298,0.00079306744263590585,0.010961610054482481,1.1090702943468473,0.019552312906606514,-0.021489395630404039,-0.022472036261491447,0.0041948753006620819
-0.06311437949549184,-0.03497419104327136,0.1354509964056812,0.015902841654778982,0.034657363257417292,-0.019707679360758561,-0.21168105514184032,0.0022258940327107421,-0.2663023904753723,0.016309232110564398,-0.072896947781715793,-0.00016213993324556286,0.27479543463734962,0.032748297010551569,0.13085139406969176,-0.01256309555901031,-0.36768970838674309,-0.0024502317515824944,0.016477503839846953,0.019552312906606514,1.1429945426037325,0.053901381076980087,0.055632988024743021,-0.10171950706619784
0.0050583851828151791,-0.11435831112910572,0.070980607727446202,0.054537938505092233,-0.045264572476426193,-0.1454328899184113,-0.0013084592491911465,0.40527650128910753,-0.03108027906581412,0.067249914697410068,-0.017487249168651482,-0.27250139648600913,-0.0037499259336168387,-0.29091819016003501,-0.039900328661632178,-0.29633876729851771,0.0037652451292923177,0.10615339895349257,0.0023835408271174747,-0.021489395630404039,0.053901381076980087,1.7514852848498292,-0.00062162373468728277,0.022909157415661893
0.019948413948548641,0.29908731451049192,0.0913482488403871,0.08802293570818169,-0.047836522615695799,0.23027664061326875,0.011900362522286148,-0.020761003220228107,-0.060026571070652374,0.06674835410120733,-0.023475450567190324,0.098053550254960015,-0.031848776470847946,-0.27832631129029106,-0.031321677769751442,-0.32176707658355092,-0.000403652881229803,-0.1364212002298047,-0.014931045730036046,-0.022472036261491447,0.055632988024743021,-0.00062162373468728277,1.8776245533834779,0.007886397794435113
-0.007037308277928471,-0.0087019935537804606,-0.30071642273996713,0.015645610373544491,0.21303164814573419,-0.0028126756067959864,0.29185942088918787,0.029263284678731346,0.36792279913726772,0.013452127748745634,0.22577648983581466,-0.01692766270727411,-0.28482211261126367,-0.020561291124948537,-0.067206376397323936,-0.041434512797257649,0.13326866271155352,-0.0030388286254410587,0.0023663895390398223,0.0041948753006620819,-0.10171950706619784,0.022909157415661893,0.007886397794435113,2.1486948502860543
